1 5
1 5
2 4
2 6
2 5430
2 5
2 6
3 4
3 5431
3 5
3 5434
3 5433
3 6
3 5
4 3
4 5424
4 2
4 5423
4 5
4 5424
4 5430
4 5
4 5435
5 3320
5 9091
5 3322
5 5421
5 1
5 5422
5 3
5 4
5 5979
5 5431
5 5423
5 5435
5 5434
5 5433
5 3320
5 5419
5 9091
5 4206
5 3322
5 5421
5 1
5 5422
5 3
5 4074
5 3077
5 5424
5 5428
5 4
5 5979
5 2
5 5430
5 5429
5 2397
5 2279
5 5423
5 5435
5 3316
5 3361
5 5434
5 5433
5 5425
5 5436
5 5437
5 6
5 3320
5 3322
5 3361
5 3320
6 3
6 2
6 2
6 5
6 5436
7 609
7 8
7 5440
7 5442
7 5445
7 18
8 3995
8 5440
8 5447
8 5443
8 16
8 4248
8 9
8 7
8 55
8 18
9 5439
9 609
9 8
9 3995
9 3997
9 5447
9 5443
9 18
10 5446
10 9091
11 18
12 18
15 18
16 344
16 350
16 345
16 342
16 346
16 351
16 1613
16 3797
16 421
16 302
16 3797
16 644
16 580
16 3774
16 737
16 1218
16 636
16 608
16 3448
16 302
16 1382
16 609
16 3751
16 340
16 534
16 687
16 342
16 421
16 3714
16 3797
16 2948
16 502
16 507
16 1229
16 478
16 3858
16 346
16 1524
16 644
16 3577
16 73
16 193
16 1678
16 2948
16 5439
16 8
16 1613
16 1218
16 3797
16 345
16 342
16 351
16 1613
16 644
16 1386
16 535
16 492
16 478
16 1218
16 1212
16 580
16 1218
16 1382
16 609
16 502
16 1335
16 1524
16 350
16 337
16 3959
16 679
16 1678
16 1212
16 580
16 1218
16 1382
16 609
16 502
16 1335
16 1524
16 350
16 337
16 3959
16 679
16 1678
18 11
18 12
18 8
18 15
18 3995
18 4248
18 7
18 625
21 193
21 121
21 133
21 144
24 5485
24 188
24 189
24 5513
27 146
27 111
27 161
27 111
27 192
28 146
28 71
28 161
28 202
29 5487
29 132
29 147
29 5487
29 132
30 119
30 156
30 119
30 156
30 119
30 156
32 37
32 183
32 196
32 37
32 69
32 128
32 196
33 156
33 178
34 156
34 178
36 73
36 161
37 32
37 196
37 32
37 68
37 196
40 55
40 75
40 55
40 75
41 147
41 5487
41 140
41 132
41 147
45 73
45 188
45 189
45 193
45 188
45 189
45 193
48 156
48 180
49 176
49 196
49 196
49 99
49 7266
49 168
49 178
49 180
49 3877
49 3484
49 3751
49 3494
49 3550
49 507
49 3830
49 3469
49 90
49 100
49 120
49 122
49 146
49 156
49 160
49 166
49 178
49 193
49 196
49 3577
49 3484
49 3858
49 72
49 90
49 136
49 156
49 196
49 90
49 122
49 178
49 507
49 502
49 3751
49 3494
49 3550
49 3830
49 3469
49 507
49 3462
49 1852
49 3877
49 3484
49 1836
49 70
49 73
49 87
49 90
49 100
49 119
49 120
49 122
49 146
49 156
49 160
49 166
49 175
49 178
49 184
49 193
49 196
50 5534
50 187
50 132
50 5534
50 132
50 5534
50 187
54 155
54 68
54 4244
54 139
54 145
54 155
54 4239
55 40
55 5495
55 100
55 132
55 140
55 148
55 170
55 8225
55 40
55 5495
55 5509
55 100
55 128
55 132
55 140
55 148
55 154
55 170
55 8
55 132
56 73
56 100
56 146
56 193
58 5524
58 160
58 185
58 5524
58 160
60 196
60 196
61 193
62 5496
62 6727
62 146
63 65
63 111
64 5470
64 121
65 63
65 146
65 111
65 6775
65 192
67 115
67 121
67 5527
67 169
68 54
68 139
68 37
69 183
69 196
69 32
69 183
70 190
70 49
70 73
70 117
70 160
70 178
71 28
71 111
71 130
71 149
71 153
71 161
71 192
71 202
72 196
72 49
72 136
73 3448
73 507
73 3830
73 45
73 56
73 100
73 117
73 125
73 126
73 135
73 146
73 182
73 188
73 189
73 193
73 340
73 3682
73 3645
73 3697
73 16
73 189
73 193
73 507
73 36
73 100
73 146
73 189
73 1441
73 502
73 3448
73 3494
73 3714
73 3830
73 507
73 3520
73 3752
73 3645
73 3697
73 49
73 70
73 100
73 178
73 189
73 193
75 40
75 5495
75 40
77 45
78 156
78 172
78 156
78 178
78 178
79 3830
79 100
79 178
80 111
80 154
80 161
80 202
80 161
85 178
87 156
87 176
87 78
87 172
87 3484
87 156
87 178
87 193
87 3577
87 112
87 175
87 3484
87 49
87 156
87 178
87 184
87 193
90 3751
90 49
90 156
90 178
90 193
90 49
90 109
90 112
90 49
90 3751
90 49
90 178
90 193
91 5490
91 5507
91 143
94 202
94 9091
94 5503
94 202
94 9091
94 8217
99 49
99 7266
100 55
100 55
100 3830
100 3448
100 3520
100 340
100 3714
100 3697
100 507
100 3830
100 49
100 56
100 73
100 111
100 117
100 120
100 146
100 156
100 160
100 166
100 174
100 178
100 182
100 189
100 193
100 3645
100 79
100 133
100 177
100 193
100 340
100 507
100 55
100 73
100 117
100 7060
100 144
100 502
100 3448
100 3494
100 3714
100 3697
100 3830
100 340
100 507
100 3876
100 3752
100 3830
100 49
100 73
100 156
100 160
100 178
100 193
105 5464
105 169
106 7255
108 156
108 156
108 156
109 90
109 136
111 80
111 146
111 3830
111 63
111 100
111 146
111 193
111 202
111 3645
111 3797
111 27
111 65
111 71
111 6775
111 161
111 192
111 202
111 146
111 161
111 202
111 144
111 27
111 149
111 202
111 1382
111 1353
111 1760
111 3494
111 3830
111 3752
111 3645
111 3797
111 193
112 87
112 90
113 193
113 144
113 178
115 5479
115 67
115 160
116 178
117 73
117 100
117 146
117 193
117 100
117 3494
117 70
117 193
119 30
119 156
119 30
119 156
119 30
119 156
119 49
119 178
120 3751
120 3830
120 49
120 100
120 156
120 160
120 166
120 178
120 193
120 3858
120 3751
120 3830
120 166
120 49
120 156
120 178
120 193
121 3830
121 160
121 193
121 5479
121 21
121 133
121 143
121 160
121 169
121 144
121 3830
121 160
121 193
121 5491
121 64
121 5510
121 5533
121 169
122 49
122 178
122 49
122 49
125 73
125 188
125 189
125 193
126 73
126 193
126 1441
126 193
127 156
127 162
127 156
127 162
128 5498
128 8225
128 32
130 71
130 7254
132 5487
132 50
132 55
132 5534
132 187
132 196
132 29
132 5487
132 50
132 55
132 160
132 5534
132 196
132 29
132 5487
132 50
132 141
132 147
132 160
132 5534
132 187
132 196
132 41
133 193
133 21
133 100
133 121
133 143
133 177
133 144
135 73
135 146
135 193
136 49
136 72
136 109
136 196
139 54
139 68
140 55
140 55
140 41
141 187
141 5497
141 132
141 160
141 187
143 193
143 133
143 190
143 144
143 91
144 146
144 3448
144 3494
144 3714
144 3747
144 21
144 100
144 111
144 113
144 121
144 133
144 7060
144 143
144 146
145 54
146 62
146 5496
146 111
146 149
146 154
146 3670
146 3797
146 3697
146 507
146 3576
146 3830
146 3941
146 5810
146 3825
146 3448
146 302
146 5852
146 1382
146 1852
146 1800
146 3520
146 3751
146 3494
146 1555
146 2878
146 3533
146 340
146 1665
146 1910
146 3714
146 3550
146 3877
146 3484
146 3697
146 507
146 1780
146 3878
146 346
146 3830
146 1897
146 1761
146 2881
146 1760
146 3469
146 1918
146 1923
146 28
146 49
146 56
146 65
146 73
146 100
146 111
146 117
146 135
146 144
146 149
146 153
146 156
146 160
146 178
146 182
146 189
146 192
146 193
146 202
146 5538
146 1678
146 1382
146 210
146 1824
146 1074
146 3797
146 1382
146 3797
146 507
146 5852
146 1904
146 1903
146 1910
146 1918
146 1923
146 580
146 3682
146 1382
146 3645
146 3797
146 3697
146 3858
146 507
146 580
146 302
146 1382
146 1555
146 340
146 1665
146 507
146 346
146 193
146 1665
146 193
146 1678
146 111
146 161
146 202
146 73
146 144
146 1441
146 2241
146 2170
146 1633
146 302
146 1386
146 1633
146 1230
146 3941
146 1218
146 1264
146 302
146 4053
146 1382
146 1852
146 599
146 1555
146 3533
146 1701
146 502
146 1638
146 1335
146 1229
146 1780
146 3878
146 1353
146 1354
146 1418
146 1760
146 1918
146 1273
146 1551
146 1923
146 193
146 3448
146 3486
146 3494
146 1665
146 3714
146 3550
146 3877
146 3484
146 3697
146 3830
146 3469
146 193
146 340
146 507
146 3876
146 3520
146 3752
146 1852
146 3670
146 3533
146 3797
146 3877
146 3697
146 3576
146 3858
146 3830
146 1760
146 49
146 156
146 160
146 178
146 193
146 5514
146 153
147 187
147 29
147 132
147 41
148 55
148 5495
148 55
148 5495
149 5496
149 146
149 146
149 153
149 111
152 170
152 170
153 146
153 71
153 149
153 5507
153 146
154 5512
154 5481
154 80
154 5520
154 6727
154 6728
154 55
154 146
155 54
155 196
155 54
155 196
155 4239
155 4238
156 4144
156 87
156 176
156 6738
156 5457
156 30
156 5523
156 119
156 162
156 164
156 184
156 200
156 8223
156 5545
156 30
156 48
156 87
156 108
156 119
156 127
156 162
156 173
156 3670
156 3077
156 3797
156 3877
156 3484
156 507
156 2279
156 3830
156 3720
156 3577
156 2006
156 3774
156 3751
156 3494
156 340
156 3077
156 3728
156 3714
156 3930
156 3877
156 3484
156 507
156 1824
156 346
156 2279
156 3456
156 3830
156 3720
156 3364
156 3406
156 3577
156 3469
156 1840
156 3361
156 30
156 33
156 34
156 49
156 78
156 87
156 90
156 100
156 108
156 119
156 120
156 127
156 146
156 160
156 162
156 164
156 166
156 168
156 172
156 173
156 176
156 178
156 179
156 181
156 184
156 193
156 198
156 3484
156 3720
156 3577
156 507
156 108
156 173
156 179
156 2276
156 3364
156 3406
156 2276
156 3077
156 3797
156 3370
156 340
156 580
156 3682
156 3645
156 3728
156 3797
156 3877
156 3484
156 3858
156 3830
156 3577
156 3536
156 507
156 2279
156 49
156 3930
156 580
156 340
156 507
156 346
156 1678
156 3484
156 3830
156 3406
156 3469
156 2279
156 2006
156 3494
156 3930
156 2397
156 193
156 580
156 1382
156 340
156 534
156 502
156 478
156 178
156 3751
156 3494
156 3714
156 3550
156 3877
156 3484
156 3830
156 3720
156 3577
156 3469
156 3077
156 507
156 3462
156 507
156 3682
156 1852
156 3670
156 3728
156 3797
156 3514
156 3877
156 3484
156 3602
156 3456
156 3830
156 1836
156 3469
156 1840
156 3867
156 49
156 87
156 100
156 120
156 146
156 160
156 166
156 168
156 172
156 176
156 178
156 184
156 193
160 132
160 132
160 3751
160 3830
160 49
160 100
160 120
160 121
160 146
160 156
160 166
160 178
160 193
160 3858
160 58
160 5524
160 115
160 5527
160 49
160 58
160 5497
160 5524
160 132
160 141
160 187
160 3751
160 3830
160 3877
160 49
160 70
160 100
160 121
160 146
160 156
160 174
160 178
160 193
161 80
161 202
161 188
161 202
161 27
161 28
161 71
161 111
161 7254
161 6775
161 202
161 36
161 80
161 111
161 146
161 188
161 202
161 5550
161 192
161 202
162 156
162 127
162 156
162 127
162 156
164 156
164 156
164 178
166 3751
166 49
166 100
166 120
166 156
166 160
166 178
166 193
166 3858
166 3751
166 120
166 49
166 156
166 178
166 193
167 178
168 49
168 172
168 180
168 156
168 156
168 178
169 67
169 121
169 5527
169 5469
169 5544
169 5464
169 5466
169 5468
169 5480
169 5478
169 5465
169 5489
169 105
169 121
169 5527
169 5531
169 5546
169 5547
169 5548
170 55
170 152
170 55
170 152
172 78
172 87
172 168
172 173
172 178
172 179
172 180
172 156
172 156
173 156
173 172
173 156
173 156
173 179
174 3830
174 100
174 193
174 3830
174 160
174 178
175 87
175 49
175 178
176 87
176 156
176 178
176 156
176 340
176 156
177 193
177 100
177 133
178 49
178 49
178 85
178 172
178 3670
178 3877
178 3484
178 507
178 3830
178 3462
178 3731
178 1852
178 3751
178 3494
178 340
178 3550
178 3877
178 3484
178 507
178 2279
178 3830
178 3720
178 1836
178 3577
178 3469
178 1840
178 1923
178 34
178 49
178 78
178 87
178 90
178 100
178 116
178 120
178 122
178 146
178 156
178 160
178 164
178 166
178 167
178 184
178 193
178 196
178 3577
178 507
178 340
178 580
178 3682
178 3670
178 3877
178 3484
178 3858
178 3830
178 3536
178 507
178 580
178 49
178 340
178 507
178 2279
178 580
178 1382
178 340
178 534
178 502
178 478
178 156
178 3751
178 3550
178 3877
178 3484
178 3830
178 3720
178 3577
178 3469
178 340
178 507
178 3462
178 3682
178 1852
178 3670
178 3494
178 3877
178 3484
178 3878
178 3830
178 3462
178 3839
178 1836
178 3731
178 3469
178 1840
178 33
178 49
178 70
178 73
178 78
178 79
178 87
178 90
178 100
178 113
178 119
178 120
178 146
178 156
178 160
178 166
178 168
178 174
178 175
178 184
178 189
178 193
179 172
179 156
179 156
179 173
180 48
180 49
180 168
180 172
181 156
182 73
182 100
182 146
182 193
182 3797
182 3797
182 193
183 32
183 69
183 69
183 196
184 156
184 3469
184 156
184 178
184 193
184 3577
184 3469
184 49
184 87
184 156
184 178
184 193
185 58
187 50
187 132
187 141
187 160
187 50
187 132
187 141
187 160
188 45
188 73
188 125
188 161
188 189
188 24
188 5485
188 45
188 5488
188 7252
188 161
188 189
188 5550
188 5488
188 5461
189 507
189 45
189 73
189 100
189 125
189 146
189 188
189 193
189 73
189 507
189 24
189 45
189 77
189 188
189 73
189 1441
189 3494
189 507
189 73
189 178
189 193
190 70
190 121
190 143
192 27
192 65
192 111
192 6775
192 161
192 202
192 27
192 161
192 202
193 302
193 3670
193 3797
193 3877
193 3484
193 3697
193 507
193 3878
193 3576
193 3830
193 3864
193 2874
193 3941
193 3682
193 2895
193 5810
193 1218
193 4069
193 3825
193 2875
193 3690
193 2709
193 3448
193 3849
193 5852
193 2851
193 1382
193 3486
193 3876
193 3759
193 609
193 1852
193 3488
193 3520
193 3751
193 3670
193 3645
193 599
193 345
193 535
193 3494
193 1555
193 3533
193 340
193 1926
193 1941
193 3685
193 2564
193 1909
193 3077
193 1910
193 3714
193 3550
193 3930
193 3585
193 1701
193 3797
193 1779
193 3877
193 3484
193 3697
193 507
193 2789
193 1881
193 1229
193 1780
193 3458
193 3878
193 3542
193 1824
193 3576
193 3717
193 3858
193 3861
193 346
193 1953
193 2279
193 3830
193 3364
193 3752
193 3462
193 3570
193 1754
193 1761
193 1760
193 3406
193 3626
193 3622
193 3793
193 3731
193 2650
193 3577
193 3469
193 1885
193 1918
193 3678
193 3745
193 1590
193 3646
193 2894
193 1551
193 1613
193 1923
193 679
193 21
193 45
193 49
193 56
193 61
193 73
193 87
193 90
193 100
193 111
193 113
193 117
193 120
193 121
193 125
193 126
193 133
193 135
193 143
193 146
193 156
193 160
193 166
193 174
193 177
193 178
193 182
193 184
193 189
193 199
193 1678
193 1382
193 2709
193 1892
193 421
193 3797
193 3830
193 3448
193 1382
193 3645
193 1555
193 3797
193 507
193 2276
193 4304
193 2882
193 1779
193 2902
193 3364
193 3406
193 1871
193 1904
193 1910
193 1918
193 1923
193 3077
193 340
193 580
193 3682
193 3448
193 1382
193 3488
193 3645
193 1555
193 3533
193 3797
193 3877
193 3697
193 3878
193 3576
193 3858
193 2188
193 2179
193 16
193 3364
193 507
193 2564
193 3930
193 580
193 73
193 120
193 160
193 1218
193 1382
193 609
193 599
193 345
193 1555
193 340
193 507
193 1229
193 346
193 1613
193 146
193 679
193 1892
193 146
193 1678
193 1590
193 1128
193 3697
193 2279
193 580
193 1613
193 3930
193 2223
193 2206
193 2207
193 156
193 1638
193 1636
193 1633
193 1629
193 609
193 2985
193 1701
193 1638
193 1636
193 1633
193 580
193 3941
193 1218
193 469
193 1382
193 1852
193 599
193 1555
193 3533
193 534
193 502
193 1638
193 1229
193 478
193 1780
193 3878
193 1636
193 1760
193 1508
193 1551
193 146
193 3682
193 3825
193 3690
193 3448
193 3486
193 3759
193 3488
193 3751
193 3670
193 3645
193 3494
193 3714
193 3550
193 3585
193 3877
193 3484
193 3697
193 3458
193 3717
193 3858
193 3861
193 3830
193 3752
193 3462
193 3570
193 3626
193 3731
193 3469
193 3678
193 146
193 1382
193 340
193 507
193 4029
193 3876
193 3520
193 3752
193 2874
193 3682
193 2895
193 5810
193 4069
193 2875
193 3448
193 5852
193 1852
193 3488
193 3670
193 3645
193 3533
193 1926
193 3797
193 1779
193 3877
193 3484
193 3697
193 1881
193 1780
193 3878
193 3576
193 3858
193 3515
193 1953
193 3830
193 1754
193 1761
193 2902
193 1760
193 3793
193 2890
193 1918
193 2899
193 3646
193 2894
193 1923
193 45
193 49
193 73
193 87
193 90
193 100
193 111
193 117
193 120
193 121
193 126
193 146
193 156
193 160
193 166
193 178
193 182
193 184
193 189
196 32
196 37
196 49
196 69
196 132
196 155
196 183
196 32
196 37
196 49
196 60
196 69
196 72
196 132
196 155
196 9091
196 60
196 5463
196 5526
196 5511
196 49
196 178
196 4237
196 136
196 49
196 49
196 100
196 49
198 156
199 193
200 156
200 7275
200 9091
202 80
202 161
202 111
202 146
202 161
202 28
202 7255
202 111
202 161
202 192
202 111
202 146
202 161
202 7255
202 94
202 106
202 111
202 161
202 192
202 5503
202 94
209 210
209 1335
209 1353
209 1386
209 1335
209 1353
209 1386
210 1382
210 1353
210 220
210 1212
210 2170
210 234
210 1218
210 2177
210 209
210 1044
210 5552
210 1264
210 302
210 235
210 1128
210 5553
210 1382
210 1074
210 221
210 211
210 1084
210 2188
210 9091
210 5555
210 1320
210 1555
210 340
210 237
210 217
210 1665
210 238
210 244
210 239
210 1701
210 507
210 241
210 1335
210 1229
210 1353
210 233
210 1524
210 9091
210 280
210 1094
210 243
210 231
210 1386
210 246
210 3364
210 3998
210 6492
210 2985
210 222
210 240
210 227
210 1157
210 230
210 216
210 287
210 146
210 1074
210 1555
210 502
210 2188
210 1229
210 340
210 1128
210 2241
210 2170
210 2072
210 2074
210 1701
210 1638
210 287
210 1218
210 1264
210 1382
210 1399
210 1335
210 1423
210 1353
210 1386
210 1273
211 210
211 243
211 216
214 237
214 243
216 210
216 5554
216 221
216 211
216 237
216 239
217 210
220 210
220 1335
220 1353
220 231
220 1386
220 1353
220 1386
221 210
221 1382
221 238
221 1335
221 1353
221 231
221 1386
221 216
221 2074
221 1335
221 1423
221 1353
221 1386
222 210
227 210
227 5553
227 231
230 210
230 1335
230 1353
230 1386
230 1399
230 1335
230 1353
230 1386
231 220
231 1212
231 210
231 234
231 1218
231 302
231 5553
231 1382
231 1074
231 221
231 340
231 237
231 238
231 1399
231 1335
231 1353
231 243
231 1386
231 227
231 1555
231 1229
231 287
231 1382
231 1399
231 1335
231 1423
231 1353
231 1386
231 1273
233 210
234 210
234 5554
234 239
234 243
234 231
235 210
235 1335
235 1386
235 1386
237 210
237 231
237 216
237 214
238 210
238 221
238 244
238 231
238 502
239 210
239 216
240 210
241 210
243 210
243 234
243 244
243 231
243 214
244 210
244 243
245 298
245 246
245 253
245 1382
245 273
245 890
245 891
245 253
245 1044
245 1084
245 897
245 970
245 253
245 1107
245 298
245 280
245 246
245 253
245 248
245 298
245 4059
245 897
245 253
245 883
245 253
245 883
245 970
245 886
245 897
245 886
245 253
245 253
245 253
245 253
245 883
245 897
245 970
245 280
245 886
246 253
246 248
246 1044
246 247
246 245
246 1084
246 298
246 280
246 253
246 302
246 1382
246 210
246 1074
246 1044
246 280
246 253
246 1107
246 1044
246 245
246 298
246 273
246 253
246 253
246 302
246 253
246 302
246 1701
246 287
246 253
246 302
246 253
246 302
246 253
246 280
247 253
247 246
248 246
248 1050
248 1063
248 5556
248 507
248 1074
248 5556
248 1555
248 507
248 3797
248 1063
248 253
248 1059
248 273
248 1063
248 253
248 2188
248 1107
248 1059
248 298
248 1062
248 253
248 245
248 1229
248 580
248 1084
248 1059
248 4059
248 1063
248 340
248 253
248 2177
248 253
248 1128
248 5556
248 251
248 252
248 249
248 273
248 253
248 5556
248 252
248 249
248 253
248 813
248 4105
248 253
248 1701
248 1638
248 507
248 260
248 273
248 1063
248 273
249 248
249 248
251 248
252 248
252 248
253 247
253 246
253 302
253 298
253 246
253 1382
253 1074
253 1382
253 245
253 1084
253 248
253 4162
253 248
253 4162
253 245
253 298
253 273
253 246
253 248
253 1044
253 4162
253 1084
253 897
253 970
253 298
253 246
253 1084
253 4059
253 1044
253 245
253 302
253 298
253 246
253 248
253 270
253 273
253 248
253 248
253 248
253 302
253 298
253 246
253 1386
253 1701
253 287
253 302
253 298
253 246
253 302
253 298
253 246
253 245
253 246
260 273
260 275
260 1382
260 275
260 507
260 1382
260 275
260 1107
260 298
260 280
260 1382
260 275
260 340
260 891
260 1128
260 9091
260 248
260 262
260 263
260 264
260 9091
260 266
260 267
260 270
260 273
260 271
260 275
260 6730
260 6972
260 276
260 277
262 260
262 273
263 260
263 273
264 260
264 273
266 260
267 260
268 273
269 273
270 248
270 2177
270 1128
270 1175
270 2072
270 260
270 273
271 260
273 260
273 275
273 1382
273 1074
273 248
273 507
273 3682
273 248
273 2188
273 253
273 1107
273 970
273 298
273 280
273 246
273 2179
273 1229
273 580
273 245
273 4059
273 340
273 275
273 253
273 2177
273 1128
273 897
273 2241
273 248
273 2170
273 813
273 340
273 275
273 1701
273 340
273 3550
273 275
273 507
273 9091
273 260
273 248
273 262
273 263
273 1084
273 897
273 264
273 1059
273 3797
273 813
273 268
273 269
273 270
273 951
273 507
273 275
273 6730
273 6972
273 9091
273 248
273 1165
275 260
275 273
275 260
275 260
275 260
275 273
275 273
275 273
275 260
275 273
276 260
277 260
280 246
280 1157
280 1382
280 246
280 210
280 1074
280 246
280 246
280 246
280 260
280 245
280 273
280 999
280 246
280 246
280 245
280 246
286 1739
286 1587
286 1335
286 1418
286 1386
286 302
286 1665
286 2072
286 1335
286 2074
286 1353
286 1354
286 1386
286 1157
286 287
287 344
287 1154
287 5804
287 1156
287 1157
287 1382
287 1353
287 1354
287 1273
287 210
287 1524
287 1074
287 1555
287 1524
287 502
287 2188
287 1382
287 340
287 1154
287 5699
287 5804
287 1156
287 1157
287 2177
287 1128
287 2241
287 2170
287 2072
287 1701
287 1335
287 1386
287 253
287 210
287 580
287 1218
287 1739
287 1154
287 2177
287 1216
287 1044
287 1538
287 1264
287 302
287 1128
287 1074
287 293
287 1084
287 4029
287 345
287 2188
287 1555
287 340
287 1665
287 342
287 1701
287 2072
287 2176
287 5699
287 507
287 1399
287 1638
287 1335
287 1229
287 478
287 2074
287 5804
287 1353
287 346
287 1524
287 1354
287 1094
287 1418
287 231
287 1386
287 246
287 1512
287 1156
287 1435
287 337
287 1157
287 1273
287 1551
287 1613
287 1678
287 293
287 286
287 1606
287 1561
287 295
287 296
293 4053
293 1678
293 345
293 348
293 347
293 1555
293 345
293 340
293 346
293 337
293 1382
293 629
293 7447
293 1678
293 1418
293 1386
293 502
293 302
293 4053
293 345
293 340
293 1665
293 342
293 1335
293 1353
293 346
293 1354
293 1418
293 1386
293 1435
293 287
293 1678
293 287
293 1386
295 1154
295 5804
295 1157
295 1382
295 1156
295 1157
295 1154
295 5804
295 1157
295 1382
295 2072
295 1154
295 5804
295 1157
295 287
296 2072
296 287
298 245
298 246
298 302
298 1382
298 1074
298 253
298 260
298 248
298 1107
298 1044
298 4162
298 245
298 897
298 2560
298 970
298 273
298 246
298 253
298 245
298 302
298 302
298 302
298 302
299 503
299 478
302 1074
302 5673
302 1080
302 350
302 2997
302 3093
302 3494
302 193
302 3941
302 1460
302 1452
302 1472
302 1335
302 1418
302 507
302 253
302 1120
302 245
302 1084
302 1165
302 951
302 1529
302 246
302 146
302 193
302 3682
302 3797
302 1335
302 1418
302 210
302 231
302 1064
302 1078
302 1074
302 5673
302 1070
302 1075
302 1080
302 421
302 1638
302 1555
302 1529
302 608
302 507
302 535
302 523
302 3953
302 3959
302 1055
302 1064
302 1212
302 2172
302 1321
302 1191
302 1460
302 1200
302 4091
302 1222
302 1452
302 1225
302 1468
302 1479
302 16
302 1458
302 1276
302 1213
302 1054
302 1231
302 1469
302 1520
302 1198
302 3998
302 1075
302 1236
302 1472
302 1546
302 1053
302 1056
302 1743
302 1196
302 1226
302 1488
302 3682
302 3797
302 1084
302 951
302 599
302 596
302 1382
302 2179
302 1194
302 16
302 609
302 1555
302 1665
302 1524
302 3364
302 1230
302 1212
302 1218
302 1229
302 1246
302 1569
302 1739
302 580
302 3682
302 3797
302 1509
302 1606
302 2179
302 1742
302 253
302 1050
302 1120
302 245
302 1084
302 897
302 3494
302 340
302 352
302 342
302 3714
302 1165
302 951
302 1529
302 346
302 1524
302 246
302 351
302 3959
302 146
302 679
302 4053
302 897
302 1665
302 1529
302 1678
302 1590
302 1190
302 2177
302 1128
302 1587
302 1613
302 1208
302 415
302 3959
302 1706
302 1688
302 4315
302 9045
302 4317
302 2939
302 2241
302 1657
302 737
302 609
302 644
302 253
302 1064
302 1230
302 3941
302 2179
302 1218
302 469
302 1216
302 1050
302 1120
302 3885
302 1538
302 738
302 2997
302 490
302 4053
302 1489
302 1128
302 1382
302 1460
302 1074
302 245
302 609
302 1509
302 3093
302 1084
302 897
302 4029
302 535
302 3494
302 1626
302 1555
302 1020
302 1563
302 340
302 687
302 1665
302 352
302 342
302 1452
302 3714
302 3797
302 2939
302 1165
302 951
302 507
302 1529
302 1638
302 1569
302 1335
302 1229
302 478
302 1606
302 1353
302 346
302 1524
302 1561
302 1354
302 1636
302 3830
302 644
302 1657
302 246
302 3364
302 3752
302 1512
302 1587
302 1075
302 1472
302 3953
302 1508
302 415
302 1273
302 1590
302 351
302 1551
302 1613
302 3959
302 146
302 1208
302 1678
302 2985
302 738
302 609
302 687
302 3885
302 6780
302 1682
302 1701
302 1626
302 1638
302 1636
302 146
302 293
302 286
302 287
302 4053
302 1665
302 1335
302 1524
302 1354
302 337
302 1273
302 253
302 469
302 1050
302 1120
302 490
302 245
302 1084
302 897
302 535
302 3494
302 3714
302 3797
302 1165
302 951
302 1335
302 478
302 3830
302 246
302 3752
302 1587
302 2179
302 253
302 1050
302 1120
302 245
302 1084
302 897
302 3714
302 1165
302 951
302 246
302 3752
302 1229
302 1230
302 1212
302 1218
302 1246
302 1165
304 1055
304 1064
304 1230
304 1517
304 1212
304 4309
304 1218
304 1506
304 1525
304 1280
304 1538
304 1264
304 1501
304 1745
304 1489
304 1519
304 1352
304 1330
304 1460
304 1474
304 1553
304 599
304 535
304 1265
304 5671
304 1626
304 1066
304 1439
304 1323
304 1051
304 1528
304 1222
304 1225
304 669
304 1213
304 1054
304 6493
304 1229
304 478
304 1359
304 1353
304 5673
304 699
304 1636
304 1070
304 1567
304 1198
304 1356
304 3998
304 1562
304 1505
304 1203
304 1075
304 1072
304 1289
304 1236
304 1472
304 3953
304 1205
304 657
304 1251
304 1486
304 1508
304 1253
304 1056
304 1741
304 1662
304 1080
304 1515
304 1526
304 1545
304 1539
304 1246
304 3959
304 1448
304 679
304 680
304 1209
304 1252
304 1488
304 1739
304 1489
304 1652
304 1569
304 1657
304 1194
304 679
309 1460
309 1452
309 1458
309 1354
309 3998
309 1075
309 1472
309 1056
337 1590
337 4317
337 2954
337 1055
337 1688
337 1191
337 1460
337 293
337 1715
337 4091
337 1051
337 1452
337 1458
337 1197
337 1054
337 3998
337 1472
337 1056
337 1226
337 737
337 636
337 609
337 644
337 666
337 665
337 599
337 1525
337 599
337 523
337 699
337 657
337 548
337 2948
337 2985
337 517
337 1590
337 1128
337 4317
337 2948
337 2985
337 1638
337 7447
337 287
337 1064
337 1230
337 580
337 3941
337 1218
337 490
337 302
337 4053
337 1489
337 1519
337 1460
337 609
337 1200
337 535
337 1555
337 534
337 1665
337 1452
337 1468
337 502
337 1638
337 491
337 492
337 1335
337 1229
337 478
337 1524
337 1561
337 1354
337 1520
337 1386
337 3998
337 1562
337 1075
337 1472
337 508
337 1486
337 1194
337 1206
337 1056
337 1551
337 16
337 16
338 1460
338 344
338 350
338 1688
338 1460
338 345
338 1452
338 1130
338 7447
338 3998
338 1472
338 1056
338 503
338 1218
338 345
338 340
338 346
338 2985
338 4053
338 1218
339 1688
339 1460
339 1452
339 1225
339 1054
339 3998
339 1056
340 1735
340 3941
340 1452
340 1486
340 3670
340 3304
340 507
340 1212
340 2170
340 2179
340 1460
340 1509
340 3670
340 4029
340 498
340 5557
340 421
340 1225
340 1462
340 503
340 507
340 1229
340 7447
340 3998
340 3953
340 351
340 1613
340 2241
340 1175
340 1197
340 1561
340 3959
340 100
340 146
340 156
340 178
340 193
340 3682
340 1382
340 3645
340 3797
340 210
340 231
340 3131
340 2997
340 3093
340 3144
340 3017
340 580
340 1074
340 5673
340 2709
340 421
340 1555
340 3199
340 1529
340 3205
340 2954
340 3670
340 503
340 507
340 490
340 523
340 3953
340 3395
340 3388
340 3364
340 3406
340 4144
340 2276
340 3077
340 1197
340 1055
340 1064
340 1230
340 3774
340 1688
340 1191
340 3849
340 1460
340 1474
340 1852
340 1200
340 293
340 1715
340 3533
340 4091
340 1051
340 1909
340 1452
340 1910
340 1130
340 1225
340 1468
340 1180
340 1458
340 3877
340 1054
340 1145
340 1780
340 1606
340 3156
340 893
340 4059
340 3998
340 1761
340 1760
340 1470
340 2610
340 1472
340 1205
340 1762
340 3577
340 994
340 2890
340 1053
340 1206
340 2621
340 4057
340 2901
340 1056
340 1743
340 1923
340 1226
340 73
340 156
340 176
340 178
340 193
340 3682
340 3645
340 3797
340 951
340 599
340 2188
340 1525
340 1529
340 1550
340 1107
340 2179
340 1194
340 16
340 2948
340 2057
340 1613
340 351
340 2983
340 1218
340 3670
340 1229
340 1509
340 1489
340 1128
340 2922
340 2560
340 2564
340 2279
340 1569
340 1742
340 1739
340 2910
340 3930
340 580
340 3682
340 3645
340 3797
340 1606
340 1665
340 2176
340 1229
340 629
340 260
340 532
340 248
340 1107
340 1230
340 2908
340 210
340 2170
340 580
340 737
340 3941
340 3682
340 2179
340 1688
340 1218
340 1739
340 2177
340 636
340 1525
340 469
340 1321
340 1216
340 3885
340 608
340 1538
340 3131
340 2709
340 2997
340 3448
340 353
340 302
340 4053
340 1489
340 1128
340 2851
340 1382
340 3876
340 1074
340 609
340 3395
340 1200
340 3093
340 3751
340 3670
340 4029
340 2064
340 2241
340 338
340 3645
340 599
340 345
340 2188
340 3989
340 535
340 1682
340 3494
340 3988
340 1626
340 1555
340 382
340 1563
340 341
340 668
340 2560
340 4274
340 687
340 2564
340 1609
340 1665
340 410
340 2922
340 352
340 342
340 421
340 3077
340 2359
340 3714
340 3550
340 1225
340 3930
340 4330
340 1610
340 1701
340 2072
340 3797
340 813
340 2939
340 3992
340 669
340 1175
340 671
340 4118
340 2176
340 2990
340 951
340 3484
340 970
340 1197
340 503
340 2948
340 348
340 502
340 507
340 1529
340 1638
340 1569
340 1611
340 273
340 1335
340 3144
340 1229
340 478
340 3878
340 1824
340 3576
340 1606
340 1353
340 2954
340 346
340 1524
340 1561
340 1354
340 3942
340 3388
340 2279
340 347
340 1520
340 1636
340 3830
340 644
340 1657
340 3364
340 3752
340 3998
340 1512
340 3017
340 674
340 1587
340 1742
340 3406
340 3953
340 2082
340 675
340 3577
340 3469
340 4144
340 3316
340 1486
340 1194
340 1206
340 350
340 666
340 2975
340 1612
340 1157
340 415
340 1273
340 1590
340 1526
340 2910
340 287
340 351
340 1551
340 1613
340 2988
340 3959
340 1550
340 679
340 680
340 1226
340 100
340 146
340 156
340 178
340 193
340 1209
340 1208
340 1678
340 1157
340 668
340 669
340 671
340 674
340 679
340 680
340 4053
340 2241
340 1665
340 1678
340 1590
340 2177
340 3670
340 421
340 3304
340 1128
340 3406
340 2359
340 3992
340 3942
340 2279
340 3469
340 1587
340 1609
340 1610
340 1175
340 1611
340 1612
340 1613
340 1200
340 1203
340 1206
340 1209
340 1208
340 3930
340 580
340 2207
340 2939
340 2942
340 2188
340 2241
340 2170
340 1657
340 1638
340 1633
340 4029
340 4078
340 813
340 737
340 636
340 608
340 609
340 687
340 421
340 1175
340 644
340 1742
340 666
340 302
340 1529
340 273
340 3797
340 3316
340 1685
340 345
340 2948
340 2985
340 2072
340 2082
340 4105
340 2976
340 3885
340 1685
340 1706
340 1696
340 1682
340 1701
340 1626
340 1638
340 1636
340 156
340 178
340 293
340 7447
340 287
340 3682
340 3448
340 3751
340 3670
340 2241
340 3645
340 3494
340 2922
340 3714
340 3550
340 2072
340 3797
340 1175
340 3484
340 273
340 3878
340 3576
340 3830
340 3577
340 3469
340 2910
340 3024
340 100
340 146
340 178
340 193
340 2988
340 3876
340 3797
340 3752
340 3316
340 3199
340 3205
340 1218
340 2194
340 1055
340 1688
340 1103
340 1460
340 1715
340 1626
340 4091
340 1051
340 1473
340 1452
340 1130
340 1225
340 1458
340 1054
340 1231
340 3998
340 1472
340 1056
340 1226
340 1685
340 1706
340 1688
340 4317
340 1741
341 1688
341 1460
341 1225
341 3998
341 503
341 1230
341 1222
341 340
341 346
341 3998
341 1706
342 382
342 4166
342 1218
342 1321
342 344
342 1509
342 1200
342 1626
342 1452
342 1354
342 347
342 1520
342 3998
342 1742
342 1206
342 350
342 1551
342 1613
342 410
342 507
342 1055
342 1230
342 1212
342 1688
342 1460
342 345
342 1626
342 1555
342 1051
342 421
342 1452
342 1225
342 16
342 1458
342 507
342 1054
342 346
342 347
342 1520
342 3998
342 3953
342 1486
342 1476
342 350
342 1612
342 1056
342 1551
342 1613
342 1382
342 1273
342 580
342 421
342 1612
342 580
342 1382
342 507
342 490
342 3953
342 1055
342 1688
342 1460
342 1715
342 4091
342 1051
342 1452
342 1130
342 1458
342 1197
342 1054
342 3998
342 1472
342 1056
342 1226
342 644
342 599
342 2188
342 16
342 2948
342 2985
342 1230
342 1218
342 1563
342 1555
342 1520
342 1551
342 1489
342 580
342 1606
342 349
342 580
342 737
342 636
342 469
342 302
342 4053
342 1489
342 1382
342 609
342 345
342 3494
342 340
342 1665
342 16
342 507
342 1638
342 1229
342 1231
342 478
342 346
342 1524
342 644
342 349
342 1613
342 2988
342 679
342 1678
342 679
342 4053
342 1665
342 1678
342 1587
342 1613
342 2188
342 737
342 636
342 609
342 644
342 302
342 609
342 2948
342 2985
342 1676
342 1685
342 1706
342 1696
342 1688
342 1682
342 1701
342 4317
342 1638
342 293
342 7447
342 287
342 4053
342 535
342 1555
342 502
342 492
342 478
342 3494
342 1230
342 1218
342 1563
342 1688
342 1715
342 1051
342 1452
342 1054
342 1231
342 1606
342 1472
342 1226
342 1706
342 1688
344 5673
344 1706
344 737
344 3941
344 1688
344 1218
344 1321
344 1538
344 1501
344 1489
344 1519
344 1460
344 1074
344 1509
344 1200
344 338
344 599
344 535
344 1682
344 1626
344 1555
344 382
344 342
344 1452
344 1225
344 1468
344 1479
344 16
344 1458
344 4322
344 1462
344 348
344 507
344 1638
344 1054
344 478
344 1524
344 1561
344 1354
344 5673
344 1520
344 3998
344 1512
344 1587
344 1742
344 1562
344 1203
344 1472
344 1205
344 772
344 4317
344 1646
344 1486
344 1206
344 548
344 1508
344 1612
344 1190
344 1590
344 1080
344 287
344 351
344 1551
344 1613
344 2988
344 1550
344 1226
344 1209
344 1208
344 1678
344 1055
344 1230
344 1212
344 1688
344 1506
344 1460
344 1322
344 1051
344 410
344 1130
344 1225
344 1458
344 1054
344 1231
344 1606
344 346
344 7447
344 1520
344 3998
344 4317
344 1056
344 1590
344 351
344 1382
344 580
344 1688
344 3998
344 644
344 1230
344 1626
344 1222
344 3998
344 351
344 1506
344 1520
344 4330
344 5557
344 580
344 346
344 1613
344 1678
344 4322
344 1612
344 1613
344 1685
344 1706
344 1696
344 1682
344 4317
344 1676
344 1682
344 1701
344 502
344 4029
344 668
344 671
344 2944
344 1688
344 1103
344 4091
344 352
344 1452
344 1458
344 1054
344 3998
344 1472
344 1056
344 1706
344 4317
345 382
345 1742
345 1206
345 1157
345 3973
345 3941
345 1452
345 1486
345 1335
345 1418
345 3797
345 3484
345 507
345 3576
345 3830
345 3793
345 1055
345 1230
345 1212
345 1459
345 2179
345 1688
345 1218
345 1519
345 1460
345 609
345 1509
345 1852
345 2897
345 293
345 4029
345 338
345 1626
345 1555
345 1563
345 4091
345 1051
345 498
345 410
345 342
345 5557
345 421
345 1452
345 1130
345 1225
345 499
345 3797
345 16
345 1458
345 1462
345 3484
345 1054
345 1229
345 1231
345 3576
345 1469
345 346
345 1524
345 1561
345 7447
345 1354
345 347
345 1520
345 3830
345 1633
345 3998
345 1761
345 1760
345 1470
345 1236
345 1472
345 3953
345 4197
345 1546
345 3793
345 4317
345 1486
345 1476
345 1053
345 548
345 350
345 1508
345 1612
345 1056
345 1590
345 351
345 1551
345 1613
345 1923
345 1226
345 1678
345 1488
345 193
345 3682
345 1382
345 1335
345 1418
345 580
345 5673
345 609
345 421
345 3830
345 1612
345 580
345 1382
345 507
345 3830
345 469
345 552
345 478
345 3953
345 3364
345 1055
345 1064
345 1688
345 1460
345 1474
345 293
345 1715
345 1051
345 1452
345 1130
345 1225
345 1458
345 1197
345 1054
345 1606
345 3998
345 1472
345 1056
345 1226
345 3682
345 599
345 2188
345 2179
345 2948
345 2985
345 629
345 351
345 1218
345 1229
345 3830
345 1519
345 1509
345 1555
345 1563
345 1524
345 1561
345 1520
345 1546
345 1551
345 1739
345 580
345 3682
345 1606
345 1742
345 629
345 1230
345 737
345 3941
345 1218
345 469
345 1216
345 1538
345 1501
345 4053
345 1489
345 1382
345 609
345 1509
345 488
345 1200
345 338
345 599
345 3494
345 1555
345 4091
345 340
345 534
345 687
345 1609
345 1665
345 410
345 342
345 421
345 1225
345 1701
345 499
345 2939
345 16
345 669
345 671
345 2948
345 348
345 507
345 1611
345 1335
345 1229
345 1231
345 478
345 1606
345 346
345 1524
345 1354
345 521
345 600
345 481
345 347
345 1520
345 3830
345 644
345 1657
345 3364
345 3998
345 674
345 1587
345 1075
345 1486
345 1206
345 350
345 1590
345 1526
345 351
345 1551
345 1613
345 2988
345 1246
345 679
345 680
345 1226
345 193
345 1209
345 1678
345 669
345 671
345 674
345 679
345 680
345 517
345 4053
345 1665
345 1678
345 2177
345 1587
345 1609
345 1611
345 1613
345 1200
345 1206
345 1209
345 1706
345 1696
345 1682
345 4317
345 2188
345 2956
345 2968
345 2960
345 2958
345 4078
345 2991
345 4029
345 737
345 609
345 687
345 644
345 1055
345 1706
345 3989
345 1452
345 5952
345 1054
345 7447
345 3998
345 1742
345 1056
345 2948
345 2985
345 1685
345 1696
345 1682
345 1701
345 1726
345 1638
345 293
345 7447
345 287
345 4053
345 502
345 3494
345 3830
345 2179
345 1218
345 16
345 4330
345 1055
345 1688
345 1460
345 1715
345 1626
345 1051
345 1473
345 1452
345 1130
345 1225
345 1458
345 1054
345 1231
345 3998
345 1472
345 1056
345 1226
345 16
345 1685
345 1706
345 1696
345 1688
345 4317
346 2990
346 1558
346 373
346 1742
346 1590
346 3941
346 1452
346 1456
346 1486
346 507
346 1230
346 1212
346 2170
346 1459
346 2179
346 1688
346 1506
346 1501
346 1519
346 1460
346 344
346 1509
346 4029
346 345
346 1626
346 4091
346 1051
346 410
346 342
346 421
346 1452
346 1225
346 16
346 1458
346 1462
346 507
346 1229
346 1231
346 1469
346 1606
346 1561
346 7447
346 1520
346 3998
346 1512
346 1760
346 1470
346 1472
346 3953
346 4317
346 1486
346 1476
346 1508
346 1743
346 1590
346 351
346 1613
346 1488
346 1128
346 1194
346 146
346 156
346 193
346 3682
346 1382
346 2997
346 3093
346 580
346 1075
346 421
346 1555
346 507
346 490
346 3953
346 3941
346 1638
346 3364
346 3406
346 340
346 1197
346 1613
346 1055
346 1064
346 1688
346 1460
346 1474
346 293
346 1715
346 4091
346 1051
346 1452
346 1130
346 1225
346 1475
346 1479
346 1458
346 1197
346 1054
346 3998
346 1472
346 1053
346 4057
346 1056
346 663
346 1226
346 3682
346 737
346 644
346 599
346 596
346 2188
346 1501
346 1563
346 1551
346 1550
346 2179
346 16
346 2948
346 2985
346 1613
346 351
346 1218
346 1229
346 1506
346 1501
346 1519
346 1509
346 1561
346 1520
346 1512
346 1508
346 1590
346 2564
346 1569
346 1742
346 580
346 3682
346 1509
346 1606
346 1742
346 629
346 1706
346 1230
346 580
346 4309
346 737
346 3941
346 1688
346 1218
346 1739
346 469
346 1321
346 1216
346 3885
346 1538
346 2997
346 3448
346 353
346 1501
346 302
346 4053
346 1489
346 1519
346 1128
346 1382
346 344
346 1652
346 3876
346 609
346 1509
346 1200
346 3093
346 4029
346 2940
346 338
346 599
346 345
346 2188
346 1682
346 3494
346 1626
346 1555
346 1563
346 341
346 340
346 668
346 1528
346 687
346 2564
346 1609
346 1665
346 410
346 352
346 342
346 421
346 3077
346 3714
346 1225
346 3930
346 1701
346 499
346 3797
346 813
346 2939
346 1735
346 669
346 671
346 3484
346 1197
346 2948
346 348
346 507
346 1638
346 1569
346 629
346 2945
346 1335
346 1229
346 478
346 1606
346 1359
346 1353
346 1524
346 1561
346 1354
346 2279
346 347
346 2947
346 1520
346 3830
346 644
346 1657
346 371
346 3364
346 3752
346 3998
346 1512
346 674
346 1587
346 1742
346 1562
346 1203
346 3406
346 772
346 591
346 2082
346 1658
346 3469
346 1646
346 1486
346 1194
346 1206
346 350
346 3973
346 1190
346 1273
346 1590
346 1526
346 1545
346 1663
346 351
346 1551
346 1613
346 1246
346 1550
346 679
346 680
346 146
346 156
346 193
346 1209
346 1208
346 1678
346 668
346 669
346 671
346 674
346 679
346 680
346 4053
346 1665
346 2082
346 1678
346 1590
346 1128
346 2279
346 1587
346 1609
346 1613
346 1200
346 1203
346 1206
346 1209
346 1208
346 4317
346 2939
346 2188
346 2241
346 2958
346 2170
346 1613
346 1657
346 1658
346 1636
346 4029
346 4078
346 813
346 737
346 609
346 687
346 421
346 644
346 302
346 478
346 3316
346 3989
346 5952
346 3998
346 1742
346 1486
346 2948
346 2985
346 1676
346 3885
346 1706
346 1696
346 1682
346 1701
346 1626
346 1638
346 293
346 7447
346 287
346 535
346 502
346 478
346 548
346 3448
346 3494
346 3714
346 3797
346 3484
346 3830
346 3469
346 2179
346 3876
346 3752
346 1663
346 1264
346 1418
346 478
346 3316
346 478
346 3316
346 1230
346 1218
346 2194
346 1055
346 1688
346 1103
346 1460
346 1715
346 345
346 1626
346 1051
346 1473
346 352
346 1452
346 1458
346 1054
346 1231
346 3998
346 1472
346 1056
346 1590
346 1226
346 1706
346 1688
346 4317
346 2987
347 342
347 1486
347 1688
347 1460
347 293
347 345
347 1051
347 342
347 1452
347 1130
347 1225
347 1458
347 1054
347 1606
347 7447
347 1520
347 3998
347 1472
347 1546
347 4317
347 1486
347 1476
347 1206
347 1056
347 351
347 1613
347 1382
347 503
347 1382
347 1230
347 1212
347 1519
347 1636
347 1562
347 548
347 351
347 1218
347 1520
347 1546
347 580
347 345
347 340
347 346
347 351
347 1678
347 1678
347 4317
347 1701
347 1218
347 1688
347 1452
347 1458
347 3998
347 1472
347 1706
348 344
348 350
348 1055
348 1688
348 1460
348 293
348 4091
348 1051
348 1452
348 1130
348 1458
348 7447
348 3998
348 1206
348 1056
348 1688
348 1191
348 1051
348 1452
348 1225
348 1458
348 1054
348 3998
348 1472
348 1056
348 1230
348 1553
348 1626
348 1562
348 548
348 1515
348 345
348 340
348 346
348 1613
348 1613
348 1701
348 1688
348 1452
348 1472
349 3998
349 351
349 351
349 342
349 629
349 351
349 342
349 629
349 351
350 1706
350 1230
350 3941
350 1688
350 1218
350 1506
350 1739
350 1321
350 1216
350 353
350 1501
350 302
350 1489
350 1519
350 1460
350 1509
350 1200
350 338
350 1682
350 1626
350 1555
350 352
350 342
350 1452
350 1225
350 16
350 669
350 1462
350 348
350 507
350 1638
350 478
350 1524
350 1520
350 3998
350 1742
350 1205
350 772
350 4317
350 1646
350 1486
350 1206
350 548
350 1508
350 351
350 1613
350 2988
350 1209
350 1208
350 1486
350 1335
350 507
350 1230
350 1212
350 1688
350 1509
350 345
350 1563
350 498
350 410
350 352
350 342
350 5557
350 1225
350 507
350 1606
350 1561
350 1520
350 3998
350 1512
350 1470
350 1546
350 4317
350 1486
350 351
350 1551
350 3682
350 1382
350 1335
350 580
350 1382
350 507
350 469
350 1055
350 1688
350 1191
350 1715
350 1051
350 1452
350 1225
350 1458
350 348
350 1054
350 3998
350 1472
350 1053
350 1056
350 1226
350 3682
350 599
350 351
350 1218
350 1509
350 1563
350 1561
350 1520
350 1512
350 1546
350 1551
350 1739
350 580
350 3682
350 1742
350 609
350 345
350 3494
350 340
350 1609
350 346
350 1486
350 1613
350 679
350 1678
350 679
350 1678
350 1587
350 1609
350 1613
350 1706
350 1696
350 1682
350 4317
350 609
350 1742
350 2985
350 1685
350 1696
350 1688
350 1682
350 1701
350 1726
350 3494
350 1663
350 1218
350 345
350 1055
350 1688
350 1103
350 1460
350 1715
350 1626
350 4091
350 1051
350 352
350 1452
350 1225
350 1458
350 1054
350 1231
350 3998
350 1472
350 1056
350 1226
350 345
350 1706
350 1688
350 4317
351 382
351 1321
351 344
351 1452
351 3998
351 1742
351 1203
351 1205
351 350
351 3941
351 3797
351 3484
351 507
351 3576
351 3830
351 1055
351 1230
351 1212
351 2170
351 737
351 2179
351 1688
351 1218
351 1501
351 1489
351 1460
351 344
351 609
351 1509
351 4029
351 345
351 1626
351 1555
351 4166
351 4091
351 340
351 1051
351 668
351 687
351 1609
351 410
351 421
351 1452
351 1130
351 1225
351 3797
351 16
351 2952
351 1458
351 669
351 3484
351 2948
351 507
351 1054
351 1229
351 1231
351 3576
351 346
351 1524
351 1561
351 7447
351 347
351 1520
351 3830
351 1386
351 644
351 1657
351 3364
351 3998
351 1760
351 1472
351 3953
351 1546
351 349
351 1486
351 1476
351 1194
351 350
351 1508
351 1612
351 1056
351 1590
351 1551
351 1613
351 679
351 1678
351 1382
351 1353
351 1273
351 580
351 1074
351 737
351 609
351 1509
351 687
351 421
351 644
351 1612
351 580
351 1382
351 507
351 3953
351 1529
351 2179
351 1194
351 737
351 344
351 609
351 345
351 4166
351 687
351 346
351 347
351 644
351 3364
351 349
351 350
351 1613
351 1678
351 585
351 1218
351 1216
351 1563
351 1229
351 1501
351 1509
351 1555
351 1524
351 1561
351 1520
351 1546
351 1508
351 1551
351 1739
351 580
351 1606
351 629
351 349
351 1230
351 737
351 3941
351 1688
351 1218
351 2177
351 469
351 1538
351 302
351 1382
351 609
351 1509
351 1200
351 345
351 3494
351 1626
351 1555
351 4091
351 340
351 1665
351 421
351 1225
351 16
351 507
351 1529
351 629
351 1231
351 346
351 1354
351 347
351 1657
351 3998
351 349
351 1206
351 1590
351 1613
351 2988
351 1246
351 679
351 1209
351 1208
351 1678
351 679
351 1665
351 1678
351 1587
351 2985
351 3380
351 1613
351 1200
351 1206
351 1209
351 1208
351 2939
351 2241
351 2170
351 2952
351 737
351 609
351 644
351 302
351 609
351 1688
351 2177
351 1676
351 1685
351 1706
351 1682
351 1701
351 1726
351 1418
351 3494
351 4029
351 1218
351 1216
351 1563
351 1706
351 1688
352 1706
352 1218
352 1509
352 1200
352 1555
352 1452
352 1524
352 1561
352 3998
352 1742
352 1486
352 1206
352 548
352 350
352 1508
352 1551
352 1613
352 1486
352 507
352 1688
352 498
352 1225
352 507
352 3998
352 350
352 1613
352 1382
352 580
352 580
352 1382
352 2954
352 507
352 469
352 478
352 495
352 490
352 1688
352 1715
352 1051
352 1452
352 3998
352 1472
352 1230
352 1218
352 6088
352 580
352 1742
352 302
352 609
352 340
352 346
352 1678
352 1678
352 1613
352 4317
352 2958
352 609
352 302
352 1706
352 1682
352 1054
352 4317
352 2985
352 1701
352 302
352 1230
352 1218
352 1055
352 1064
352 1688
352 1191
352 1103
352 1460
352 1715
352 1626
352 4091
352 1051
352 1452
352 1458
352 1054
352 1231
352 1606
352 346
352 3998
352 1472
352 350
352 1056
352 1226
352 1706
352 4317
353 350
353 3998
353 1382
353 580
353 1382
353 1273
353 1230
353 1212
353 1525
353 1474
353 1553
353 535
353 1626
353 1051
353 1222
353 645
353 1054
353 478
353 699
353 1636
353 3998
353 1236
353 3953
353 1486
353 548
353 1056
353 415
353 458
353 664
353 1539
353 3959
353 580
353 340
353 346
353 1706
353 1230
353 1191
353 1460
353 4029
353 1051
353 1452
353 1225
353 1054
353 1231
353 7447
353 1354
353 3998
353 1056
353 1196
353 1701
353 1688
353 1706
355 1055
355 1230
355 1517
355 1212
355 1525
355 1538
355 1501
355 1519
355 1460
355 1474
355 1553
355 599
355 535
355 1626
355 1066
355 1051
355 1222
355 691
355 1225
355 1458
355 601
355 3956
355 1054
355 1359
355 5673
355 699
355 1636
355 1193
355 3998
355 1562
355 1505
355 1203
355 1075
355 1236
355 1472
355 3953
355 1205
355 657
355 1243
355 1251
355 1486
355 548
355 1508
355 1056
355 415
355 458
355 1080
355 1515
355 1539
355 1246
355 1448
355 679
355 1226
355 1209
355 1489
355 671
355 1194
355 1662
355 1706
364 1525
364 1222
364 699
364 1636
364 3998
364 1562
364 1515
364 668
371 1688
371 1460
371 1225
371 3998
371 503
371 1055
371 1688
371 1191
371 1051
371 1452
371 1458
371 1054
371 3998
371 1056
371 346
373 346
373 3998
373 4317
373 1206
373 3998
373 1230
373 1517
373 1626
373 1222
373 669
373 1636
373 3998
373 1218
373 5557
373 492
373 1218
373 1739
373 1489
373 1652
373 1490
373 668
373 671
373 1657
373 1737
373 1194
373 1662
373 1663
373 3959
373 680
373 2940
373 2944
373 2945
373 1706
373 4317
382 345
382 1558
382 342
382 1520
382 1203
382 351
382 1209
382 344
382 1225
382 3998
382 340
382 1701
400 1206
400 3998
410 342
410 344
410 345
410 346
410 350
410 351
410 1678
410 345
410 340
410 346
412 415
412 415
413 415
415 1382
415 738
415 421
415 738
415 3953
415 644
415 1525
415 353
415 599
415 1222
415 355
415 478
415 4198
415 699
415 657
415 548
415 2948
415 580
415 340
415 679
415 580
415 737
415 302
415 1382
415 609
415 2939
415 2948
415 1354
415 644
415 2985
415 665
415 3959
415 737
415 609
415 644
415 665
415 302
415 2948
415 2985
415 3959
415 502
415 412
415 1688
415 1191
415 714
415 1452
415 412
415 413
415 1196
415 3959
416 421
416 421
421 448
421 3941
421 3797
421 507
421 3830
421 345
421 340
421 342
421 346
421 351
421 1613
421 1382
421 1230
421 580
421 737
421 1688
421 1218
421 3885
421 1191
421 302
421 1489
421 1382
421 1474
421 3393
421 609
421 1200
421 3093
421 345
421 1555
421 340
421 687
421 1665
421 342
421 3199
421 3077
421 3930
421 428
421 3797
421 429
421 433
421 437
421 16
421 432
421 3992
421 435
421 669
421 439
421 2948
421 507
421 1638
421 1569
421 1229
421 478
421 442
421 2954
421 346
421 1524
421 1354
421 3942
421 743
421 2279
421 3830
421 644
421 446
421 3364
421 3998
421 1587
421 3406
421 3953
421 453
421 3316
421 1206
421 455
421 2985
421 2975
421 416
421 460
421 415
421 1590
421 458
421 351
421 462
421 746
421 1551
421 1613
421 3959
421 679
421 3379
421 193
421 1678
421 580
421 2954
421 3797
421 507
421 478
421 3830
421 433
421 432
421 435
421 442
421 743
421 455
421 416
421 746
421 3953
421 3364
421 3406
421 6111
421 746
421 1230
421 1212
421 737
421 3941
421 1218
421 1191
421 1489
421 1460
421 1474
421 609
421 1200
421 599
421 1555
421 502
421 1354
421 1386
421 644
421 446
421 3998
421 1587
421 1472
421 453
421 1206
421 1551
421 599
421 16
421 2948
421 1218
421 3797
421 1229
421 3830
421 1590
421 3992
421 3942
421 2279
421 580
421 345
421 340
421 346
421 351
421 679
421 1678
421 580
421 1382
421 340
421 507
421 1587
421 2939
421 737
421 3941
421 609
421 1200
421 340
421 1701
421 346
421 1354
421 644
421 1203
421 1206
421 462
421 1678
421 609
421 2985
421 1701
421 1638
421 2975
421 1218
421 448
428 438
429 421
432 421
432 421
433 421
433 421
435 421
435 421
437 421
438 421
439 421
441 3953
441 1525
441 1222
441 4198
442 421
442 421
446 421
446 1212
446 421
446 737
448 421
448 421
453 421
453 421
455 421
455 421
458 421
458 3953
458 1230
458 1212
458 1525
458 353